3.4400517419364003    1.6589665339261566
3.2585944994952403    1.7451777377551831
2.984553176555958    1.8693967110309597
2.7990087934020558    1.944378588041595
2.6271279605139872    1.9984246728739279
2.5310167586728123    2.0121227340741483
2.5    2.0
2.515967872366483    1.9707762587595683
2.598398268474631    1.9194904927279115
2.764806779069489    1.850409325963004
2.9551394442299506    1.7885831456433716
3.2449136937622134    1.7075900329237468
3.4393334996354166    1.6569931794225061
3.4396926207859084    1.6579798566743313
