3.956611746252994    1.9086324152710246
3.7681137076700173    1.9761438361594226
3.508851406977405    2.1542261470147506
3.2899613296884995    2.122329688520791
3.1454555997114517    2.2653273948093906
3.0269775217986647    2.2027319073195435
3.0    2.2
3.020837715999487    2.18264950744432
3.0840575417196767    2.064503396057153
3.283821523889322    2.102247288645567
3.4474533489856305    1.953402148262513
3.7619739018708396    1.956061436284199
3.955997765673077    1.9066241752835023
3.9563047559630355    1.9076282952772634
