3.0262154375184904    1.1496480635541402
2.937275661544866    1.3297836201490598
2.8396868736385725    1.622101675814583
2.75598905091392    1.8054734551147116
2.5843112267714807    1.911024626776349
2.614576456351851    2.0413554896740016
2.5    2.0
2.5469475185975794    1.9996034378157652
2.5672931562807983    1.9005181869999945
2.6903940814015193    1.764977113464747
2.7780661702548066    1.5840589253492692
2.9202575910541837    1.3192771803727052
3.024428540116969    1.148544887377623
3.02532198881773    1.1490964754658815
