3.4556467853426005    1.7054828966522424
3.3012092171331524    1.883000895811629
3.0279066796952305    2.0146470998206834
2.839794583936723    2.083304506044207
2.6501028034944336    2.079177953895712
2.540137023594514    2.045155501735375
2.5    2.0
2.525361013261447    1.9973886772790945
2.6205507828282997    1.9836443049831514
2.810242563270589    1.9877708571316466
2.9983546590290966    1.9191134509081227
3.286433206800085    1.8352340713553488
3.4550261929086115    1.7034766900250786
3.4553364891256058    1.7044797933386604
