3.4968948800949744    2.0037226070485006
3.491837068932466    2.0049819696494104
3.486799413737943    2.0062479396956037
3.4817816043381393    2.007520247261442
3.4767833305597837    2.008798622421284
3.471804282229608    2.0100827952494913
3.4668441491743454    2.0113724958204253
3.4619026212207253    2.0126674542084437
3.4569793881954816    2.013967400487911
3.452074139925345    2.0152720647331854
3.4471865662370464    2.0165811770186273
3.4423163569573165    2.0178944674185977
3.4374632019128875    2.019211666007457
3.4326267909304926    2.0205325028595658
3.4278068138368614    2.0218567080492855
3.4230029604587253    2.023184011650975
3.4182149206228187    2.0245141437389975
3.4134423841558696    2.025846834387711
3.4086850408846106    2.027181813671476
3.403942580635773    2.028518811664654
3.3992146932360887    2.029857558441606
3.39450106851229    2.031197784076693
3.389801396291108    2.0325392186442737
3.385115366399273    2.0338815922187092
3.380442668663518    2.035224634874361
3.375782992910574    2.0365680766855885
3.371136028967171    2.0379116477267525
3.3665014666600426    2.0392550780722143
3.36187899581592    2.0405980977963343
3.3572683062615347    2.0419404369734733
3.352669087823618    2.0432818256779903
3.348081030328901    2.0446219939842476
3.3435038236041144    2.045960671966604
3.3389371574759905    2.047297589699421
3.334380721771264    2.048632477257061
3.3298342063166624    2.0499650647138816
3.3252973009389177    2.051295082144245
3.3207696954647608    2.0526222596225097
3.316251079720926    2.0539463272230396
3.311741143534143    2.0552670150201924
3.307239576731143    2.0565840530883297
3.3027460691386596    2.057897171501813
3.2982603105834216    2.0592061003350017
3.2937819908921613    2.0605105696622554
3.2889525179926715    2.061914333364364
3.28413097210569    2.0633122384170357
3.2793169622870995    2.06470394460449
3.274510097592779    2.0660891117109417
3.269709987078609    2.067467399520608
3.2649162398004714    2.0688384678177063
3.2601284648142443    2.0702019763864525
3.2553462711758097    2.0715575850110644
3.2505692679410467    2.0729049534757578
3.245797064165837    2.0742437415647497
3.2410292689060602    2.0755736090622565
3.236265491217597    2.076894215752496
3.2315053401563283    2.0782052214196844
3.226748424778133    2.079506285848038
3.221994354138891    2.080797068821774
3.2172427372944865    2.0820772301251096
3.212493183300795    2.0833464295422597
3.2077453012137007    2.0846043268574435
3.202998700089081    2.085850581854876
3.1982529889828184    2.0870848543187757
3.193507776950792    2.088306804033357
3.1887626730488834    2.0895160907828387
3.1840172863329723    2.090712374351437
3.1792712258589386    2.0918953145233674
3.174524100682663    2.093064571082848
3.1697755198600253    2.0942198038140956
3.165025092446908    2.0953606725013265
3.160272427499188    2.0964868369287566
3.15551713407275    2.0975979568806045
3.15075882122347    2.0986936921410857
3.145997098007231    2.0997737024944176
3.141231573479913    2.100837647724816
3.1364618566973967    2.1018851876164986
3.131687556715561    2.102915981953682
3.126908282590287    2.1039296905205824
3.1221236433774546    2.104925973101417
3.117333248132947    2.105904489480403
3.11253670591264    2.1068648994417556
3.107733625772417    2.1078068627696935
3.102923616768158    2.108730039248432
3.0981062879557433    2.1096340886621885
3.093281248391052    2.11051867079518
3.0884481071299663    2.1113834454316227
3.083606473228366    2.1122280723557334
3.07875595574213    2.1130522113517296
3.0738961637271403    2.1138555222038264
3.069026706239277    2.114637664696242
3.0641471923344206    2.115398298613193
3.0592572310684503    2.116137083738896
3.054356431497248    2.116853679857567
3.049444402676693    2.117547746753424
3.0445207536626655    2.1182189442106827
3.039585093511048    2.118866932013561
3.0346370312777182    2.1194913699462745
3.0296761760185573    2.12009191779304
3.0247021367894464    2.120668235338075
3.019714522646265    2.1212199823655964
3.0147129426448935    2.1217468186598194
3.0096970058412134    2.1222484040049627
3.0051571467537532    2.122679154317006
3.000604986369714    2.1230888073313654
2.9960402372474007    2.1234771129043604
2.991462611945119    2.1238438208923087
2.9868718230211746    2.12418868115153
2.982267583033871    2.124511443538341
2.9776496045415146    2.1248118579090622
2.9730176001024096    2.1250896741200096
2.968371282274861    2.1253446420275037
2.963710363617175    2.125576511487862
2.9590345566876555    2.1257850323574026
2.954343574044608    2.1259699544924446
2.949637128246338    2.126131027749306
2.9449149318511494    2.126268001984305
2.9401766974173484    2.1263806270537606
2.93542213750324    2.1264686528139913
2.930650964667128    2.126531829121315
2.925862891467319    2.12656990583205
2.9210576304621183    2.1265826328025157
2.916234894209829    2.1265697598890294
2.9113943952687578    2.12653103694791
2.90653584619721    2.126466213835476
2.9016589595534885    2.1263750404080457
2.8967634478959003    2.1262572665219373
2.8918490237827505    2.1261126420334695
2.886915399772344    2.125940916798961
2.8819622884229847    2.1257418406747295
2.8769894022929794    2.125515163517094
2.871996453940632    2.1252606351823733
2.8669831559242476    2.124978005526884
2.8619492208021318    2.1246670244069463
2.8568943611325897    2.1243274416788784
2.851818289473926    2.1239590071989984
2.8467207183844456    2.1235614708236246
2.841601360422454    2.1231345824090755
2.8364599281462555    2.1226780918116694
2.831296134114157    2.122191748887725
2.8261096908844614    2.1216753034935603
2.8209003110154764    2.121128505485495
2.8156677070655034    2.120551104719845
2.8104115915928505    2.1199428510529312
2.805131677155821    2.1193034943410707
2.799827676312721    2.1186327844405826
2.7948066882576725    2.11797177428564
2.7897662940917023    2.1172828966343564
2.7847087397892705    2.116566358263113
2.779636271324835    2.1158223659482913
2.774551134672853    2.1150511264662697
2.7694555758077843    2.1142528465934305
2.7643518407040872    2.1134277331061537
2.75924217533622    2.1125759927808203
2.754128825678641    2.1116978323938103
2.749014037705809    2.1107934587215045
2.7439000573921817    2.109863078540283
2.738789130712217    2.1089068986265262
2.7336835036403753    2.107925125756616
2.728585422151114    2.1069179667069324
2.7234971322188914    2.1058856282538554
2.7184208798181655    2.104828317173766
2.713358910923396    2.1037462402430447
2.70831347150904    2.1026396042380715
2.703286807549557    2.101508615935228
2.6982811650194045    2.100353482110894
2.6932987898930416    2.0991744095414506
2.688341928144927    2.097971605003278
2.683412825749518    2.0967452752727564
2.678513728681273    2.095495627126267
2.673646882914652    2.0942228673401897
2.6688145344241123    2.0929272026909063
2.6640189291841128    2.0916088399547963
2.6592623131691115    2.0902679859082407
2.6545469323535675    2.0889048473276195
2.6498750327119374    2.0875196309893136
2.645248860218682    2.086112543669704
2.640670660848259    2.084683792145171
2.636142680575125    2.083233583192094
2.6316671653737416    2.0817621235868553
2.6272463612185644    2.0802696201058346
2.6228825140840533    2.0787562795254124
2.6185778699446662    2.0772223086219697
2.614334674774863    2.0756679141718877
2.6101551745490994    2.0740933029515447
2.6060416152418364    2.0724986817373234
2.6019962428275303    2.0708842573056034
2.5980213032806407    2.069250236432765
2.592565283018696    2.066924106597198
2.587258651945939    2.0645603504502064
2.5821076203451683    2.0621595397435293
2.577118398499181    2.059722246228904
2.5722971966907733    2.0572490416580678
2.567650225202744    2.054740497782759
2.5631836943178885    2.0521971863547135
2.558903814319005    2.0496196791256702
2.5548167954888905    2.0470085478473656
2.5509288481103427    2.0443643642715394
2.5472461824661576    2.041687700149926
2.5437750088391327    2.038979127234265
2.5405215375120664    2.036239217276294
2.5374919787677537    2.033468542027749
2.534692542888994    2.0306676732403695
2.5321294401585828    2.027837182665891
2.529808880859318    2.024977642056053
2.527737075273997    2.022089623162592
2.525274682863455    2.0179969460091
2.523457705463616    2.0139691575882543
2.5224263610718407    2.010126441877287
2.522320867685492    2.0065889828534336
2.5234605769955474    2.003042321726937
2.525888711171869    2.0000238443602414
2.529503436160998    1.9975069180079559
2.532245908903469    1.9962071959243388
2.5353684834005703    1.9950779541296377
2.5388480848847372    1.9941131578605413
2.542661638588408    1.9933067723537417
2.546786069744019    1.9926527628459278
2.5511983035840062    1.9921450945737893
2.5558752653408083    1.9917777327740176
2.5607938802468624    1.9915446426833032
2.5659310735346055    1.9914397895383356
2.571263770436473    1.9914571385758053
2.5767688961849036    1.9915906550324025
2.5824233760123345    1.9918343041448179
2.5882041351512015    1.9921820511497412
2.5940880988339434    1.9926278612838637
2.6000521922929956    1.9931656997838743
2.6060733407607954    1.9937895318864638
2.610695300533152    1.994320024217593
2.61533636648463    1.9948953376874035
2.6199958441714433    1.995513700627418
2.624673039149802    1.9961733413691578
2.6293672569759168    1.9968724882441427
2.6340778032060004    1.9976093695838955
2.638803983396263    1.9983822137199367
2.643545103102916    1.999189248983788
2.648300467882172    2.0000287037069704
2.6530693832902394    2.000898806221005
2.6578511548833323    2.001797784857413
2.6626450882176607    2.002723867947717
2.6674504888494366    2.0036752838234366
2.6722666623348714    2.0046502608160943
2.6770929142301743    2.0056470272572096
2.681928550091559    2.006663811478307
2.6867728754752367    2.0076988418109045
2.6916251959374167    2.0087503465865244
2.6964848170343125    2.0098165541366892
2.7013510443221334    2.010895692792919
2.7062231833570927    2.0119859908867355
2.7111005396954004    2.0130856767496597
2.715982418893268    2.014192978713213
2.7208681265069066    2.015306125108917
2.725756968092528    2.0164233442682917
2.730648249206343    2.01754286452286
2.735541275404563    2.0186629142041426
2.740435352243401    2.0197817216436613
2.745329785279066    2.0208975151729365
2.75022388006777    2.0220085231234894
2.755116942165724    2.023112973826842
2.760008277129139    2.024209095614515
2.764897190514228    2.0252951168180298
2.7697829878772007    2.0263692657689085
2.7746649747742693    2.0274297707986713
2.7795424567616447    2.02847486023884
2.7844147393955376    2.0295027624209356
2.7892811282321603    2.030511705676479
2.7941409288277237    2.0314999183369933
2.798993446738438    2.0324656287339975
2.804005251514013    2.0334394753295335
2.809008619296965    2.034387539136696
2.814003650594169    2.0353100164745723
2.818990445912495    2.0362071036622487
2.823969105758818    2.0370789970188117
2.8289397306400104    2.037925892863349
2.8339024210629433    2.038747987514946
2.838857277534491    2.0395454772926906
2.843804400561525    2.040318558515668
2.8487438906509186    2.0410674275029654
2.853675848309544    2.04179228057367
2.858600374044274    2.042493314046868
2.863517568361982    2.043170724241646
2.8684275317695396    2.0438247074770906
2.8733303647738193    2.044455460072289
2.8782261678816945    2.0450631783463264
2.883115041600038    2.0456480586182906
2.887997086435722    2.046210297207269
2.8928724028956183    2.046750090432346
2.897741091486602    2.04726763461261
2.9026032527155436    2.0477631260671476
2.907458987089316    2.0482367611150445
2.912308395114792    2.0486887360753876
2.917151577298845    2.049119247267264
2.9219886341483465    2.0495284910097604
2.926819666170171    2.049916663621963
2.931644773871189    2.050283961422958
2.936464057758273    2.050630580731833
2.941277618338298    2.050956717867674
2.946085556118135    2.051262569149568
2.950887971604657    2.0515483308966016
2.955684965304736    2.051814199427861
2.960476637725246    2.0520603710624337
2.965263089373058    2.0522870421194055
2.970044420755046    2.052494408917863
2.9748207323780833    2.0526826677768946
2.97959212474904    2.0528520150155836
2.9843586983747903    2.05300264695302
2.9891205537622065    2.0531347599082883
2.993877791418162    2.053248550200476
2.998630511849529    2.053344214148669
3.003378815563179    2.0534219480719553
3.008361100149775    2.0534844991444796
3.0133387402362044    2.053527716737627
3.018311852256533    2.0535518282809107
3.0232805526448234    2.0535570612038425
3.0282449578351405    2.0535436429359355
3.033205184261546    2.053511800906702
3.0381613483581047    2.053461762545654
3.0431135665588815    2.0533937552823054
3.048061955297939    2.053308006546168
3.0530066310093416    2.053204743766754
3.057947710127152    2.053084194373576
3.0628853090854347    2.0529465857961466
3.067819544318253    2.0527921454639784
3.072750532259673    2.052621100806584
3.0776783893437543    2.052433679253476
3.082603232004563    2.0522301082341663
3.087525176676164    2.052010615178168
3.092444339792619    2.051775427514994
3.0973608377879924    2.0515247726741563
3.102274787096348    2.051258878085167
3.107186304151751    2.0509779711775393
3.112095505388262    2.0506822793807853
3.117002507239947    2.0503720301244175
3.12190742614087    2.0500474508379494
3.126810378525094    2.0497087689508917
3.1317114808266817    2.0493562118927584
3.136610849479699    2.048990007093062
3.1415086009182094    2.0486103819813146
3.146404851576274    2.048217563987028
3.1512997178879596    2.047811780539716
3.156193316287329    2.047393259068891
3.1610857632084457    2.046962227004064
3.1659771750853736    2.0465189117747498
3.170867668352176    2.046063540810459
3.1757573594429176    2.045596341540705
3.1806463647916607    2.045117541395
3.1855348008324715    2.044627367802857
3.1904227839994106    2.044126048193788
3.1953104307265447    2.0436138099973062
3.2001978574479364    2.043090880642923
3.2050851805976484    2.042557487560152
3.209972516609746    2.0420138581785054
3.214859981918292    2.0414602199274956
3.2197476929573514    2.0408968002366352
3.224635766160985    2.040323826535436
3.2295243179632607    2.0397415262534118
3.2344134647982394    2.0391501268200747
3.2393033230999855    2.038549855664937
3.244194009302563    2.037940940217511
3.249085639840036    2.037323607907309
3.2539783311464676    2.036698086163845
3.2588721996559222    2.0360646024166305
3.2637673618024623    2.035423384095177
3.268663934020153    2.034774658628999
3.2735620327430572    2.034118653447608
3.2784617744052404    2.0334555959805165
3.2833632754407645    2.0327857136572374
3.2882666522836925    2.032109233907282
3.2931720213680897    2.0314263841601647
3.2980794991280202    2.030737391845397
3.3029439318939726    2.0300489166486457
3.3078106621783716    2.029354856064984
3.3126798032248663    2.0286554312921203
3.3175514682771077    2.0279508635277623
3.3224257705787448    2.0272413739696176
3.3273028233734276    2.0265271838153947
3.3321827399048054    2.0258085142628017
3.337065633416527    2.025085586509546
3.3419516171522448    2.0243586217533363
3.346840804355605    2.0236278411918796
3.351733308270259    2.0228934660228846
3.3566292421398565    2.0221557174440585
3.3615287192080467    2.0214148166531105
3.3664318527184793    2.0206709848477473
3.3713387559148043    2.019924443225678
3.376249542040671    2.01917541298461
3.381164324339729    2.0184241153222504
3.3860832160556287    2.017670771436309
3.3910063304320186    2.0169156025244925
3.3959337807125474    2.0161588297845086
3.4008656801408685    2.0154006744140665
3.4058021419606272    2.014641357610873
3.4107432794154766    2.013881100572637
3.4156892057490644    2.013120124497066
3.4206400342050407    2.0123586505818682
3.425595878027054    2.0115969000247502
3.430556850458758    2.010835094023423
3.435523064743797    2.010073453775591
3.440494634125823    2.0093122004789645
3.4454716718484866    2.008551555331251
3.4504542911554363    2.007791739530158
3.4554426052903215    2.007032974273394
3.4604367274967927    2.0062754807586667
3.4654367710184992    2.005519480183684
3.47044284909909    2.004765193746154
3.4754550749822153    2.0040128426437844
3.4804735619115257    2.003262648074284
3.4854984231306694    2.0025148312353602
3.4905297718832964    2.0017696133247203
3.4955677214130554    2.0010272155400726
3.5006123849635986    2.000287859079126
3.5    2.0
