2.4304295653112997    2.1092796406909073
2.432335137720779    2.1001562159776905
2.4342812887851157    2.0912830569374985
2.4362675933696    2.082657505901117
2.438293626339523    2.074276905199329
2.4403589625601736    2.0661385971629174
2.442463176896843    2.0582399241226654
2.444605844214822    2.0505782284093574
2.4467865393794    2.0431508523537762
2.449004837255868    2.035955138286705
2.4512603127095156    2.028988428538928
2.453552540605634    2.0222480654412274
2.4558810958095134    2.015731391324388
2.458245553186444    2.0094357485191923
2.460645487601715    2.003358479356424
2.4630804739206185    1.9974969261668658
2.465550087008444    1.991848431281302
2.468053901730482    1.9864103370305166
2.470591492952023    1.9811799857452914
2.4731624355383564    1.9761547197564109
2.475766304354773    1.9713318813946576
2.478402674266565    1.9667088129908163
2.4810711201390196    1.962282856875669
2.4837712168374293    1.9580513553799999
2.4865025392270836    1.9540116508345928
2.4892646621732735    1.9501610855702305
2.492057160541288    1.9464970019176955
2.4948796091964187    1.9430167422077729
2.4977315830039557    1.9397176487712455
2.5006126568291895    1.9365970639388965
2.50352240553741    1.9336523300415094
2.506460403993908    1.9308807894098676
2.509426227063972    1.9282797843747543
2.5124194496128953    1.9258466572669537
2.515439646505966    1.9235787504172481
2.5184863926084757    1.9214734061564223
2.521559262785714    1.9195279668152583
2.5246578319029718    1.91773977472454
2.5277816748255386    1.9161061722150514
2.5309303664187057    1.9146245016175747
2.5341034815477625    1.913292105262895
2.537300595078    1.912106325481794
2.540521281874709    1.9110645046050563
2.543765116803179    1.9101639849634646
2.5470316747287005    1.909402108887803
2.5503205305165637    1.9087762187088544
2.553631259032059    1.9082836567574017
2.5569634351404766    1.9079217653642295
2.5603166337071093    1.907687886860121
2.563690429597243    1.9075793635758587
2.5670843976761706    1.9075935378422264
2.570498112809182    1.9077277519900082
2.5739311498615685    1.9079793483499867
2.57738308369862    1.9083456692529461
2.5808534891856247    1.9088240570296684
2.584341941187876    1.9094118540109386
2.587848014570662    1.9101064025275394
2.5913712841992753    1.9109050449102545
2.5949113249390034    1.911805123489866
2.598467711655139    1.912803980597159
2.6020400192129713    1.913898958562917
2.6056278224777913    1.915087399717922
2.6092306963148886    1.916366646392958
2.612848215589554    1.9177340409188088
2.616479955167077    1.9191869256262573
2.6201254899127493    1.9207226428460875
2.6237843946918606    1.9223385349090822
2.62808665276427    1.924329681232217
2.632405988521404    1.9264229130745039
2.636741718717164    1.9286139592200435
2.641093160105446    1.9308985484529355
2.6454596294401487    1.9332724095572804
2.649840443475172    1.9357312713171793
2.6542349189644128    1.9382708625167315
2.65864237266177    1.9408869119400367
2.6630621213211425    1.943575148371197
2.667493481696429    1.9463313005943117
2.6719357705415274    1.949151097393481
2.676388304610336    1.9520302675528045
2.680850400656753    1.9549645398563833
2.685321375434677    1.9579496430883179
2.6898005456980068    1.9609813060327081
2.6942872282006425    1.9640552574736545
2.6987807396964794    1.9671672261952573
2.703280396939418    1.9703129409816167
2.7077855166833555    1.9734881306168326
2.7122954156821915    1.9766885238850056
2.7168094106898235    1.9799098495702356
2.7213268184601516    1.9831478364566242
2.725846955747072    1.98639821332827
2.730369139304485    1.9896567089692745
2.7348926858862885    1.9929190521637374
2.739416912246379    1.9961809716957586
2.7439411351386584    1.999438196349439
2.748464671317022    2.0026864549088783
2.7529868375353708    2.0059214761581776
2.757506950547602    2.009138988881437
2.762024327107614    2.0123347218627554
2.7665382839693056    2.015504403886235
2.7710481378865754    2.0186437637359753
2.7755532056133214    2.021748530196076
2.7800528039034416    2.0248144320506385
2.7845462495108357    2.0278371980837617
2.7890328591894016    2.0308125570795474
2.7935119496930376    2.0337362378220947
2.797982837775642    2.0366039690955042
2.802444840191113    2.0394114796838756
2.80689727369335    2.042154498371311
2.811339455036251    2.0448287539419088
2.8157707009737147    2.04742997517977
2.82019032825964    2.049953890868996
2.824597653647923    2.0523962297936844
2.8289919938924646    2.054752720737937
2.833372665747163    2.0570190924858545
2.837738985965915    2.059191073821536
2.8420902713026206    2.061264393529083
2.8464258385111783    2.0632347803925954
2.850745004345486    2.065097963196174
2.8550470855594416    2.0668496707239172
2.859331398906945    2.0684856317599274
2.863597261141893    2.070001575088303
2.8678439890181853    2.071393229493146
2.87207089928972    2.0726563237585554
2.876277308710396    2.073786586668632
2.8804625340341103    2.074779747007476
2.884625892014763    2.0756315335591884
2.888766699406251    2.076337675107868
2.892884272962474    2.0768939004376157
2.8969779294373303    2.077295938332532
2.901046985584718    2.0775395175767173
2.905090758158536    2.077620366954272
2.9091085639126817    2.0775342152492953
2.9130997196010546    2.0772767912458887
2.9170635419775524    2.0768438237281517
2.920999347796075    2.0762310414801854
2.924906453810519    2.0754341732860886
2.928784176774784    2.074448947929963
2.9326632049718415    2.0732628152568457
2.9365138013031853    2.071888638605538
2.940338087030456    2.0703341213991373
2.944138183415297    2.068606967060743
2.94791621171935    2.066714879013453
2.9516742932042557    2.064665560680366
2.9554145491316586    2.0624667154845815
2.9591391007631995    2.0601260468491978
2.9628500693605204    2.057651258197313
2.966549576185265    2.055050052952027
2.970239742499073    2.0523301345364375
2.973922689563589    2.0494992063736435
2.9776005386404534    2.0465649718867427
2.98127541099131    2.0435351344988355
2.9849494278777984    2.0404173976330195
2.9886247105615644    2.037219464712394
2.9923033803042456    2.0339490391600563
2.9959875583674886    2.030613824399107
2.999679366012934    2.027221523852644
3.0033809245022214    2.0237798409437646
3.0070943550969957    2.020296479095569
3.0108217790588996    2.0167791417311562
3.014565317649573    2.0132355322736237
3.018327092130659    2.00967335414607
3.022109223763801    2.0061003107715956
3.02591383381064    2.0025241055732974
3.029743043532817    1.9989524419742744
3.0335989741919764    1.995393023397626
3.0374837470497584    1.9918535532664496
3.041399483367806    1.9883417350038455
3.0453483044077623    1.9848652720329114
3.049332331431269    1.9814318677767462
3.053353685699967    1.9780492256584485
3.0574144884754997    1.9747250491011168
3.0615168610195074    1.971467041527849
3.0656629245936355    1.968282906361746
3.069854800459524    1.9651803470259048
3.074094609878814    1.9621670669434241
3.0783844741131503    1.959250769537403
3.0827265144241736    1.9564391582309402
3.087122852073526    1.9537399364471346
3.0915756083228505    1.9511608076090838
3.096086904433787    1.9487094751398872
3.100658861667981    1.946393642462644
3.1052936012870727    1.944221013000452
3.1099932445527037    1.94219929017641
3.1147599127265178    1.9403361774136172
3.1195957270701555    1.9386393781351718
3.1240193785264605    1.9372561578856553
3.128498148524858    1.936012184273084
3.1330291352448136    1.9349050329934767
3.1376094368657936    1.9339322797428529
3.1422361515672623    1.933091500217232
3.1469063775286856    1.9323802701126322
3.151617212929531    1.9317961651250748
3.1563657559492615    1.9313367609505774
3.1611491047673446    1.9309996332851604
3.1659643575632446    1.9307823578248422
3.1708086125164296    1.9306825102656429
3.175678967806363    1.9306976663035817
3.1805725216125107    1.9308254016346769
3.185486372114339    1.931063291954949
3.1904176174913133    1.9314089129604173
3.1953633559228996    1.9318598403471001
3.200320685588563    1.9324136498110176
3.205286704667769    1.9330679170481886
3.210258511339985    1.933820217754633
3.2152332037846745    1.9346681276263697
3.2202078801813045    1.9356092223594181
3.22517963870934    1.9366410776497969
3.230145577548247    1.9377612691935262
3.235102794877491    1.9389673726866254
3.2400483888765375    1.9402569638251135
3.2449794577248534    1.9416276183050096
3.2498930996019024    1.943076911822333
3.254786412687151    1.9446024200731034
3.259656495160066    1.9462017187533402
3.264500445200111    1.9478723835590621
3.2693153609867536    1.949611990186289
3.274098340699458    1.9514181143310398
3.2788464825176904    1.953288331689334
3.2835568846209178    1.9552202179571911
3.288226645188604    1.9572113488306302
3.2928528624002142    1.95925930000567
3.297432634435216    1.9613616471783304
3.3019630594730742    1.9635159660446309
3.306441235693254    1.965719832300591
3.3108642612752224    1.9679708216422294
3.315229234398444    1.9702665097655656
3.3205507825799057    1.9731682436324969
3.325773308205435    1.9761302236270606
3.330891297572331    1.9791478433681093
3.3358992369778933    1.982216496474494
3.340791612719422    1.9853315765650674
3.3455629110942158    1.9884884772586795
3.3502076183995757    1.9916825921741839
3.3547202209328    1.9949093149304313
3.3590952049911875    1.9981640391462734
3.36332705687204    2.001442158440562
3.3674102628726548    2.004739066432149
3.3713393092903328    2.008050156739886
3.375108682422373    2.011370822982625
3.3787128685660757    2.014696458779217
3.3821463540187398    2.018022457748515
3.385403625077664    2.021344213509369
3.38847916804015    2.024657119680632
3.3913674692034945    2.027956569881155
3.394063014864999    2.0312379577297897
3.396560291321964    2.0344966768453885
3.398853784871686    2.0377281208468028
3.400937981811467    2.040927683352884
3.4028073684386064    2.0440907579824845
3.404456431050403    2.047212738354455
3.4058796559441555    2.0502890180876476
3.4076625465730905    2.0550580208697737
3.408853197928798    2.059646435296169
3.409441550471283    2.0640002671221174
3.4094175446605477    2.068065522102898
3.408771120956596    2.071788205993794
3.40749221981943    2.0751143245500847
3.4052890637426616    2.07833681879352
3.4023037236849825    2.0810160413775676
3.398569602485945    2.08318062618299
3.395727777733249    2.0843353880749436
3.39258721720178    2.0852888788077153
3.389157365574739    2.0860491946370794
3.3854476675353253    2.0866244318188096
3.3814675677667445    2.0870226866086825
3.3772265109521933    2.087252055262471
3.3727339417748774    2.087320634035952
3.3679993049179964    2.087236519184898
3.363032045064751    2.0870078069650844
3.357841606898343    2.0866425936322863
3.352437435101974    2.0861489754422786
3.3468289743588473    2.085535048650835
3.3410256693521614    2.0848089095137317
3.335036964765119    2.0839786542867422
3.3288723052809224    2.0830523792256415
3.3247117567661864    2.0823923587637987
3.3204813893419267    2.081696365227877
3.3161839184577295    2.0809667263798484
3.311822059563179    2.0802057699816827
3.3073985281078597    2.079415823795351
3.302916039541356    2.0785992155828237
3.298377309313253    2.0777582731060718
3.2937850528731354    2.0768953241270647
3.2891419856705872    2.076012696407774
3.284450823155194    2.0751127177101703
3.27971428077654    2.074197715796225
3.2749350739842105    2.073270018427907
3.2701159182277886    2.0723319533671876
3.265259528956861    2.0713858483760386
3.2603686216210113    2.070434031216429
3.2554459116698236    2.06947882965033
3.2504941145528847    2.0685225714397126
3.2455159457197764    2.067567584346547
3.2405141206200865    2.066616196132804
3.235491354703397    2.0656707345604546
3.230450363419293    2.064733527391468
3.225393862217362    2.063806902387817
3.220324566547186    2.062893187311471
3.215245191858349    2.0619947099244005
3.2101584536004375    2.061113797988576
3.205067067223035    2.060252779265968
3.199973748175728    2.0594139815185484
3.194881211908099    2.0585997325082865
3.1897921738697335    2.057812359997154
3.184709349510218    2.057054191747121
3.1796354542791345    2.056327555520158
3.174573203626068    2.055634779078235
3.169525313000605    2.0549781901833244
3.164494497852329    2.0543601165973957
3.159483473630825    2.053782886082419
3.154494955785677    2.053248826400366
3.14953165976647    2.052760265313206
3.1445963010227898    2.0523195305829116
3.1396915950042192    2.051928949971452
3.1348202571603445    2.051590851240798
3.1299850029407494    2.051307562152921
3.1251885477950196    2.05108141046979
3.120433607172737    2.0509147239533765
3.1147633293397297    2.050795080646397
3.1091557727585215    2.050762533260021
3.1036094688052165    2.050814499152121
3.098122948855921    2.050948395680571
3.092694744286739    2.0511616402032455
3.087323386473776    2.0514516500780164
3.082007406793138    2.0518158426627586
3.076745336620927    2.052251635315344
3.0715357073332505    2.052756445393647
3.066377050306211    2.053327690255539
3.061267896915916    2.053962787258896
3.0562067785384692    2.05465915376159
3.0511922265499765    2.0554142071214954
3.046222772326541    2.056225364696484
3.0412969472442684    2.05709004384443
3.0364132826792636    2.058005661923207
3.031570310007633    2.0589696362906884
3.026766560605479    2.059979384304747
3.0220005658489084    2.061032323323257
3.017270857114025    2.06212587070409
3.012575965776934    2.063257443805121
3.007914423213741    2.064424459984224
3.00328476080055    2.0656243365992704
2.9986855099134675    2.0668544910081352
2.9941152019285964    2.0681123405686903
2.9895723682220425    2.0693953026388106
2.98505554016991    2.0707007945763687
2.980563249148305    2.072026233739237
2.9760940265333327    2.0733690374852913
2.9716464037010963    2.0747266231724026
2.967218912027703    2.0760964081584463
2.9628100828892547    2.077475809801294
2.9584184476618582    2.0788622454588195
2.9540425377216186    2.0802531324888967
2.949680884444641    2.0816458882493993
2.945332019207029    2.0830379300981994
2.940994473384889    2.084426675393172
2.9366667783543243    2.085809541492189
2.932347465491441    2.087183945753124
2.928035066172344    2.0885473055338513
2.923948813311693    2.0898282117392313
2.9198662072532153    2.091094646851002
2.9157859938723973    2.092344405433982
2.9117069190447205    2.0935752820529903
2.907627728645671    2.0947850712728453
2.903547168550733    2.0959715676583657
2.8994639846353905    2.0971325657743716
2.8953769227751276    2.09826586018568
2.891284728845429    2.0993692454571113
2.8871861487217796    2.1004405161534834
2.883079928279663    2.1014774668396154
2.878964813394563    2.102477892080326
2.8748395499419654    2.1034395864404334
2.870702883797354    2.1043603444847583
2.8665535608362127    2.1052379607781178
2.862390326934027    2.1060702298853315
2.8582119279662788    2.106854946371217
2.8540171098084555    2.1075899048005953
2.84980461833604    2.108272899738284
2.8455731994245155    2.1089017257491003
2.841321598949369    2.1094741773978662
2.837048562786083    2.1099880492493988
2.832752836810142    2.1104411358685162
2.82843316689703    2.1108312318200384
2.8240882989222325    2.1111561316687837
2.819716978761234    2.1114136299795714
2.815317952289517    2.11160152131722
2.810889965382568    2.1117176002465485
2.80643176391587    2.1117596613323752
2.801942093764907    2.111725499139519
2.797419700805165    2.1116129082327992
2.7928633309121267    2.111419683177034
2.7882717299612776    2.111143618537043
2.7836436438281025    2.1107825088776453
2.7789778183880838    2.110334148763658
2.774272999516707    2.109796332759901
2.7695279330894564    2.109166855431194
2.7647413649818167    2.108443511342354
2.7599120410692723    2.107624095058201
2.755038707227307    2.1067064011435535
2.750120109331405    2.10568822416323
2.745154993257051    2.1045673586820497
2.7401421048797294    2.103341599264832
2.7350801900749246    2.1020087404763945
2.7299679947181206    2.100566576881556
2.724804264684802    2.0990129030451365
2.7195877458504536    2.0973455135319545
2.7143171840905587    2.0955622029068284
2.708991325280603    2.093660765734577
2.70360891529607    2.0916389965800195
2.6981687000124435    2.0894946900079736
2.692669425305209    2.08722564058326
2.6871098370498503    2.0848296428706963
2.681488681121852    2.082304491435101
2.6758047033966976    2.079647980841294
2.6700566497498732    2.0768579056540935
2.664243266056862    2.073932060438318
2.6583632981931475    2.070868239758787
2.6524154920342156    2.0676642381803187
2.646398593455549    2.0643178502677317
2.640311348332635    2.060826870585846
2.634152502540955    2.0571890936994803
2.6279208019559945    2.0534023141734523
2.623764546591607    2.050819650667443
2.619578963403236    2.0481789149886294
2.6153670586950697    2.045488007878372
2.611131838771296    2.0427548300780316
2.6068763099361054    2.0399872823289718
2.6026034784936853    2.0371932653725535
2.5983163507482248    2.0343806799501376
2.5940179330039133    2.031557426803087
2.5897112315649395    2.0287314066727618
2.585399252735492    2.025910520300525
2.58108500281976    2.0231026684277373
2.5767714881219312    2.020315751795761
2.572461714946196    2.0175576711459566
2.568158689596741    2.0148363272196876
2.5638654183777567    2.0121596207583137
2.559584907593433    2.009535452503198
2.5553201635479557    2.0069717231957007
2.5510741925455167    2.004476333577186
2.5468500008903026    2.002057184389012
2.5426505948865024    1.9997221763725421
2.5384789808383053    1.9974792102691379
2.5343381650499017    1.9953361868201622
2.530231153825478    1.9933010067669743
2.5261609534692235    1.991381570850937
2.522130570285328    1.9895857798134124
2.5181430105779805    1.9879215343957612
2.514201280651368    1.9863967353393457
2.5103083868096805    1.985019283385527
2.5064673353571076    1.983797079275667
2.5026811325978366    1.9827380237511274
2.4989527848360575    1.9818500175532696
2.4952852983759577    1.9811409614234554
2.4916816795217276    1.9806187561030466
2.4881449345775555    1.9802913023334043
2.484678069847629    1.9801665008558902
2.481284091636139    1.9802522524118669
2.4779660062472733    1.9805564577426948
2.47472681998522    1.9810870175897357
2.471569539154169    1.981851832694352
2.468497170058308    1.9828588037979047
2.4655127190018273    1.9841158316417553
2.4626191922889147    1.9856308169672658
2.459819596223759    1.9874116605157979
2.4571169371105483    1.9894662630287128
2.454514221253474    1.9918025252473723
2.4520144549567227    1.9944283479131384
2.4496206445244835    1.9973516317673723
2.447335796260946    2.0005802775514354
2.4451629164702977    2.00412218600669
2.443105011456729    2.007985257874497
2.441165087524428    2.012177393896219
2.439346150977582    2.0167064948132163
2.4376512081203825    2.0215804613668515
2.4360832652570164    2.026807194298486
2.4346453286916736    2.0323945943494808
2.4333404047285425    2.038350562261199
2.432171499671812    2.044682998775001
2.4311416198256706    2.051399804632249
2.430253771494307    2.0585088805743044
2.429510960981911    2.066018127342529
2.42891619459267    2.073935445678283
2.428472478630774    2.0822687363229297
2.4281828194004116    2.0910259000178315
2.428050223205771    2.100214837504347
2.4280776963510418    2.1098434495238405
2.4282682451404116    2.119919636817673
2.4285699664014273    2.1196981745124464
